00000000
00000000
00000000
00000000
00000000
00000001
00000000
00000000
00000010
00000000
00000000
11111111
00000000
00000001
00000000
00000000
00000010
00000000
00000000
11111111
00000000
00000001
00000000
00000000
00000010
00000000
00000000
11111111
00000000
00000000
00000001
00000001
00000001
00000001
00000001
00000010
00000001
00000001
11111111
00000001
00000010
00000001
00000001
11111111
00000001
00000010
00000001
00000001
11111111
00000001
00000001
00000010
00000010
00000010
00000010
00000010
00000011
00000010
00000010
11111111
00000010
00000011
00000010
00000010
11111111
00000010
00000011
00000010
00000010
11111111
00000010
00000010
01100100
00001010
00011001
00111011
01000001
01000111
00111001
00110100
00010111
10111001
00011001
00110011
01001000
10011010
00010001
01100010
11000101
01110011
01001001
00010101
01110011
01101000
11000101
01110011
01011110
00010101
01110011
00000010
11000101
01110011
00001100
00010101
01110011
01110001
11000101
01110011
01100111
00010101
01110011
01110000
11000101
01110011
01101011
00010101
01110011
11111111
11111111
11111111
